Elazul
1 
20 
20 
10 
20 
10 
20 
4 
0 
388 
0 
16 
220 
55 
206 
55 
210 
55 
221 
0 
0 
0 
0 
0 
0 
0 
0 
47 
64 
0 
0 
0 
0 
0 
57 
0 
1 
1 
1 
1 
0 
0 
0 
2 
1 
1 
0 
0 
0 
0 
0 
0 
70 
5 
2216 
0 
1 
0 
0 
1 
1 
0 
1 
1 
1 
2 
0 
0 
0 
0 
0 
0 
3 
0 
5 
0 
-1 
0 
0 
1 
0 
0 
0 
0 
2 
1 
0 
0 
44 
76 
0 
2 
0 
1 
1 
1 
0 
1 
0 
4 
0 
1 
0 
0 
15 
0 
15 
0 
8 
0 
0 
1 
1 
0 
0 
1 
0 
4 
2 
2 
1 
0 
3 
0 
1 
3 
0 
1 
5 
1 
0 
1 
2 
0 
0 
1 
0 
2 
1 
1 
0 
1 
1 
1 
1 
0 
0 
0 
0 
0 
0 
0 
0 
0 
0 
0 
0 
0 
0 
1 
1 
1 
1 
1 
1 
0 
0 
1 
1 
1 
1 
1 
1 
1 
1 
1 
1 
1 
1 
0 
1 
1 
1 
1 
1 
1 
0 
0 
0 
0 
0 
0 
0 
0 
0 
0 
0 
0 
0 
0 
0 
0 
0 
0 
0 
0 
0 
0 
0 
0 
0 
0 
0 
0 
0 
0 
0 
0 
0 
0 
3 
3 
3 
1 
5 
5 
4 
0 
0 
205 
0 
0 
0 
0 
0 
0 
0 
0 
0 
0 
0 
0 
0 
0 
0 
0 
0 
0 
0 
0 
0 
0 
0 
0 
0 
0 
0 
0 
0 
0 
0 
0 
0 
0 
0 
0 
0 
0 
0 
0 
0 
0 
0 
0 
0 
0 
0 
0 
0 
1 
0 
0 
0 
1 
0 
0 
0 
0 
0 
1 
0 
0 
0 
0 
4 
0 
0 
0 
1 
1 
0 
0 
0 
0 
2 
1 
0 
0 
0 
2 
0 
0 
1 
0 
0 
0 
1 
0 
1 
0 
0 
0 
0 
0 
0 
0 
0 
0 
0 
50 
51 
0 
0 
0 
0 
0 
0 
0 
0 
999 
0 
0 
0 
0 
0 
0 
0 
0 
0 
0 
0 
0 
0 
0 
0 
0 
0 
0 
0 
0 
0 
0 
0 
0 
0 
0 
0 
0 
0 
0 
0 
0 
0 
0 
0 
0 
0 
0 
0 
0 
1398 
1 
0 
2 
2 
0 
4 
3 
0 
0 
0 
0 
0 
0 
0 
0 
0 
0 
26 
2 
1 
0 
1 
1 
1 
0 
0 
150 
5 
0 
0 
10 
0 
0 
2 
1 
0 
0 
5 
0 
2 
0 
0 
0 
6 
6 
0 
0 
1 
1 
0 
0 
0 
0 
3 
2 
3 
4 
1 
0 
0 
0 
2 
1 
1 
1 
1 
1 
1 
0 
3 
0 
0 
0 
0 
3 
0 
0 
0 
0 
1 
1 
0 
1 
2 
3 
2 
0 
0 
2 
0 
0 
0 
0 
0 
0 
0 
0 
0 
0 
0 
1 
1 
1 
0 
0 
0 
1 
3 
10 
0 
0 
0 
0 
1 
0 
0 
0 
0 
0 
0 
0 
0 
0 
0 
0 
0 
0 
0 
0 
3 
3 
3 
3 
1 
10 
0 
1 
1 
1 
1 
0 
12 
0 
1 
6 
0 
0 
0 
1 
3 
3 
1 
14 
1 
1 
1 
1 
0 
2 
0 
999 
1 
1 
1 
406 
235 
902749 