Elazul
1 
20 
20 
10 
15 
10 
15 
4 
60 
240 
10 
60 
220 
0 
210 
0 
206 
0 
221 
0 
0 
0 
0 
0 
0 
0 
0 
51 
50 
0 
0 
0 
0 
0 
13 
0 
0 
0 
0 
0 
0 
0 
0 
2 
0 
1 
0 
0 
0 
7 
0 
0 
47 
6 
47 
0 
1 
0 
0 
1 
1 
0 
1 
0 
1 
2 
0 
0 
0 
0 
0 
0 
7 
13 
5 
0 
-1 
0 
0 
1 
3 
0 
0 
0 
2 
1 
2 
0 
20005 
26 
0 
2 
2 
-1 
1 
1 
0 
1 
0 
4 
0 
1 
0 
0 
15 
1 
15 
0 
8 
1 
0 
1 
1 
0 
0 
1 
0 
4 
2 
2 
1 
0 
3 
0 
0 
3 
0 
1 
8 
1 
0 
1 
2 
0 
0 
1 
0 
2 
1 
0 
1 
1 
1 
1 
1 
0 
0 
0 
0 
0 
0 
0 
0 
0 
0 
0 
0 
0 
0 
1 
1 
1 
1 
0 
0 
0 
1 
0 
1 
1 
1 
1 
1 
1 
1 
1 
1 
1 
1 
1 
1 
1 
1 
1 
1 
0 
0 
0 
0 
0 
0 
0 
0 
0 
0 
0 
0 
0 
0 
0 
0 
0 
0 
0 
0 
0 
0 
0 
0 
0 
0 
0 
0 
0 
0 
0 
0 
0 
0 
0 
0 
0 
0 
0 
0 
0 
0 
0 
0 
205 
10 
9 
1 
0 
0 
0 
0 
0 
0 
0 
0 
0 
0 
0 
0 
0 
0 
0 
0 
0 
0 
0 
0 
0 
0 
0 
0 
0 
0 
0 
0 
0 
0 
0 
0 
0 
0 
0 
0 
0 
0 
0 
0 
0 
0 
0 
0 
0 
0 
1 
0 
0 
0 
1 
0 
0 
0 
0 
0 
1 
0 
0 
0 
0 
0 
0 
2 
0 
0 
0 
0 
0 
0 
0 
2 
0 
1 
0 
0 
0 
0 
0 
1 
0 
0 
0 
0 
0 
1 
0 
0 
0 
0 
0 
0 
0 
0 
0 
0 
0 
0 
0 
0 
0 
0 
0 
0 
0 
0 
0 
0 
0 
0 
0 
0 
0 
0 
0 
0 
0 
0 
0 
0 
0 
0 
0 
0 
0 
0 
0 
0 
0 
0 
0 
0 
0 
0 
0 
0 
0 
0 
0 
0 
0 
0 
0 
0 
0 
0 
0 
1447 
1 
0 
2 
2 
1 
5 
3 
0 
0 
0 
0 
0 
0 
0 
0 
0 
0 
26 
3 
0 
1 
1 
1 
1 
0 
0 
90 
3 
0 
0 
0 
0 
0 
2 
1 
0 
0 
0 
0 
2 
0 
0 
0 
6 
6 
0 
4 
1 
1 
0 
0 
1 
0 
3 
2 
3 
4 
1 
0 
0 
0 
2 
0 
1 
1 
1 
1 
1 
0 
3 
0 
0 
0 
0 
1 
0 
0 
0 
0 
1 
1 
0 
1 
2 
3 
2 
0 
0 
2 
0 
0 
0 
1 
0 
0 
0 
0 
0 
17 
0 
1 
1 
1 
1 
2 
0 
1 
0 
0 
0 
0 
0 
0 
0 
0 
0 
0 
0 
0 
0 
0 
0 
0 
0 
0 
0 
0 
0 
0 
0 
0 
0 
0 
0 
0 
0 
0 
0 
0 
0 
1 
0 
0 
0 
6 
0 
0 
0 
0 
0 
0 
0 
0 
0 
0 
0 
0 
0 
0 
0 
208 
1 
1 
1 
332 
319 
1.01243e+06 